MAIN=src/main.cpp
SRCS := $(filter-out $(MAIN),$(wildcard src/*.cpp))
CFLAGS= -O2 -I src/
.PHONY: clean test all
BIN=min-overlap-test

all:
	g++ -o ${BIN} $(CFLAGS) ${SRCS} ${MAIN}

run: all
	./${BIN} data/simple.set yes "1 2 3 4" "0 1 2 3" "0 2 4"

small30: all
	./${BIN} data/small30.set yes "1 2 3 4 5 6 7 8" "0 3 7 10 12 13 14" "1 3 4 5 6 9 12" "0 1 2 3 4 5 6 7 8 9 10 11 12 13 14"

med30: all
	./${BIN} data/medium30.set yes "1 2 3 4 5 6 7 8" "0 3 7 10 12 13 14" "1 3 4 5 6 9 12" "2 4 6 8 9 12 17 21 23 24" "0 1 2 3 4 5 6 7 8 9 10 11 12 13 14"

large30: all
	./${BIN} data/large30.set yes "1 2 3 4 5 6 7 8" "0 3 7 10 12 13 14" "1 3 4 5 6 9 12" "2 4 6 8 9 12 17 21 23 24" "0 1 2 3 4 5 6 7 8 9 10 11 12 13 14"

large50: all
	./${BIN} data/large50.set yes "1 2 3 4 5 6 7 8" "0 3 7 10 12 13 14" "1 3 4 5 6 9 12" "2 4 6 8 9 12 17 21 23 24" "0 1 2 3 4 5 6 7 8 9 10 11 12 13 14"

small-timings: all
	./${BIN} data/small30.set no "11 29 14 16 13" "10 1 1 0 28 17 17 0 1 10" "0 3 4" "22 5 6 13 1 27 17 14 26 8 17" "14 3 8 2 6 1 3 6 29 12" "21" "26 10 14 21 6 17 13 4 23 18 27 20 6 11" "6 29 25 12 24 3 14 0" "17 29 25 0 15 17 6 3 19 20 24" "29 0" "22 18 18 5 16 22" "22 13 9 27 7 4 11 0 23 21 29 18 13" "27 19 1 8 1 25" "0 25 9 22 6 28 19 22 20 25 7" "26 4 2 0 7 2 15 28 23 4" "21 23 22 22 2 23 18 20 23 5 29" "11 19 27 26 1 14 3 26" "7 21 3 6 23 18 5 9 14 8" "8" "23" "24 3" "10 8 13 10 12 25 29 8 26 14 3 15 24 2" "27 8 29 16 13 8" "14" "0" "24" "9 27" "11" "22 21 1 9 21 1 5 5 4 20 21 6" "19 15 18 5 20 18 27 4 19 28 19" "22 21 2 1 24 0 15 16 1 24 29 3 29" "7 12 17 6 0 6 13 10 3 3 29" "0" "29 19 24" "2 26 14 27 18 29 5 12 23 4 15 15 22" "19 9 20 19 16 25 0 19 29 21 12 29 1 3" "25 17 5 14 1 24 2 23 29 14" "25" "23 17 28 12 26 10" "4 6" "16 5 15 28 26 16 24 28 4" "3 10 4 19 4 27 18 11 14 5 2" "22 22 12 11 3 6 7" "0 23 6 7 14 24 15 8 22" "11 18 21 15 7 26 13 18 7 19 23" "18" "24 0 11 27 28 18 28 20" "4 27 18 28" "18 12 16 29 22" "6 22 26 11 10 3 0 25" "11 25 20 3 28 9 2 17 7 22 13" "12 1 23" "11 6" "2 20 25 8 12 21 20 14 16 12" "13 23" "25 19 18 5" "5 4 5 10 8 9 11 1 26 14 29 14 16" "9 24 24 1 6 1 17 19 3 22 4 22" "23 10 7 28 7 11 4 17 11 13" "13 2 26 4 16" "16 25 29 3 18 5 4 28 24 29 12 21" "22 6 24 29 5 23" "1 3 22 6 15 27 0 12 2 16 24" "4 23 13 14 21 17 12 7 16 17" "0 9 27 16 9 2 1 12 25 26 26 1 12" "2" "10" "2 20 6 18 4 13 9 13 17 16" "4 7 22 14 4 0 15" "1 19 23 20 7 16 2 23 18 10 3 21 12" "27 0 20 2 1 3 20 10 17" "17 9 8 13 1 15 11 25 26" "15 4 4 9 27 15 19 1 6 23 17" "24 29 28 17 24 18 27 12 12 14" "13 19 15 20 22 10 17 18 17 21 15 26 10" "7" "6 0 12" "16 11 21 4 6 9 1 18" "8 1 19 19 8 9 12 10 18 22 19 9 7 15" "7 22 15 13 23 28 7 1 9 20 5 7" "29 25 28 29 19 17 18" "18 0 22 7" "11 16 0 27 20 0 11 6" "26 4 4 28 5" "3 13 9 24 0 7 23 11 24 12" "4" "23 11 27 4 20 20 23 10 20 5 16 17" "12 22 21 18 9 17 23 18" "23 17 5 5 3 9 28 7 21 21 19" "17 9 1 3 11 13 8 28 0 23 2" "15 20 23 24 5 3 5 29 20 2 26 23 11 24" "25" "12 28 24 13 21 27 24" "27 14 26 21" "3 28" "26 22 5 22 19 26 4 14 22 28 17 16 21 4" "25" "9 8" "29 2 19 18 17 8 1 4" "21 25 29 13 0 13 25 26 18 9 18"

medium-timings: all
	./${BIN} data/medium30.set no "11 29 14 16 13 25 10 1 1 0 28 17 17 0 1" "18 0 3 4 11 22 5 6 13 1 27 17 14 26 8" "25 14 3 8 2 6 1 3 6 29 12 16 21 14 26 10 14" "6 17 13 4 23 18 27 20 6 11 8 6 29 25 12 24" "14 0 26 17 29 25 0 15 17 6 3 19 20 24 17 29 0 21" "18 18 5 16 22 13 22 13 9 27 7 4 11 0 23 21 29" "13 6 27 19 1 8 1 25 26 0 25 9 22 6 28 19 22 20" "7 25 26 4 2 0 7 2 15 28 23 4 11 21 23" "22 2 23 18 20 23 5 29 8 11 19 27 26 1 14 3 26" "7 21 3 6 23 18 5 9 14 8 0 8 1 23 2" "3 14 10 8 13 10 12 25 29 8 26 14 3 15 24 2 6 27 8" "16 13 8 0 14 1 0 15 24 2 9 27 16 11 27 22 21 1 9" "1 5 5 4 20 21 6 26 19 15 18 5 20 18 27 4" "28 19 13 22 21 2 1 24 0 15 16 1 24 29 3 29 26 7 12" "6 0 6 13 10 3 3 29 1 0 18 29 19 24 13 2 26" "27 18 29 5 12 23 4 15 15 22 14 19 9 20 19 16 25 0 19" "21 12 29 1 3 10 25 17 5 14 1 24 2 23 29 14 16 25 21" "17 28 12 26 10 2 4 6 24 16 5 15 28 26 16 24 28 4" "3 10 4 19 4 27 18 11 14 5 2 7 22 22 12 11" "6 7 9 0 23 6 7 14 24 15 8 22 11 11 18 21 15 7" "13 18 7 19 23 1 18 8 24 0 11 27 28 18 28 20" "4 27 18 28 5 18 12 16 29 22 8 6 22 26 11 10 3 0 25" "11 25 20 3 28 9 2 17 7 22 13 3 12 1 23 17" "6 25 2 20 25 8 12 21 20 14 16 12 2 13 23 19" "19 18 5 13 5 4 5 10 8 9 11 1 26 14 29" "16 12 9 24 24 1 6 1 17 19 3 22 4 22 10 23 10 7 28" "11 4 17 11 13 20 13 2 26 4 16 12 16 25 29 3 18" "4 28 24 29 12 21 21 22 6 24 29 5 23 11 1" "22 6 15 27 0 12 2 16 24 10 4 23 13 14 21 17 12 7" "17 28 0 9 27 16 9 2 1 12 25 26 26 1 12 16" "16 10 10 2 20 6 18 4 13 9 13 17 16 22 4 7 22" "4 0 15 28 1 19 23 20 7 16 2 23 18 10 3 21 12 24 27" "20 2 1 3 20 10 17 24 17 9 8 13 1 15 11" "26 26 15 4 4 9 27 15 19 1 6 23 17 25 24" "28 17 24 18 27 12 12 14 13 13 19 15 20 22 10 17 18 17 21" "26 10 0 7 3 6 0 12 23 16 11 21 4 6 9" "18 14 8 1 19 19 8 9 12 10 18 22 19 9 7 15" "7 22 15 13 23 28 7 1 9 20 5 7 22 29 25 28 29" "17 18 19 18 0 22 7 23 11 16 0 27 20 0 11 6 5 26 4" "28 5 25 3 13 9 24 0 7 23 11 24 12 1 4 12 23 11 27" "20 20 23 10 20 5 16 17 23 12 22 21 18 9 17 23 18 11 23" "5 5 3 9 28 7 21 21 19 11 17 9 1 3 11 13 8" "0 23 2 14 15 20 23 24 5 3 5 29 20 2 26 23 11 24" "25 7 12 28 24 13 21 27 24 4 27 14 26 21 17 3" "29 26 22 5 22 19 26 4 14 22 28 17 16 21 4 15 25 2" "8 23 29 2 19 18 17 8 1 4 11 21 25 29 13 0 13 25 26" "9 18 16 18 26 29 23 11 24 17 13 2 11 4 26 22 14 5" "16 9 3 7 5 25 13 27 8 8 24 18 9 4 26 19 23" "12 4 11 0 9 5 3 5 2 17 20 7 10 6 9" "5 6 22 18 3 23 18 19 11 19 16 8 9 9 25" "5 7 5 15 12 0 12 6 18 2 6 20 8 15 17 6 21 10" "16 25 5 28 6 24 14 6 25 23 2 9 28 1 6 5 5 7 10" "17 12 18 29 13 25 16 19 8 18 5 16 13 10 14 12 5" "10 0 13 4 1 4 27 8 1 3 7 11 7 16 24 17 15 29" "1 18 20 12 15 6 17 26 13 21 1 3 24 23 17 28 17" "26 17 14 21 24 26 28 10 12 15 17 3 19 10 13 1" "28 29 2 24 12 23 17 16 17 11 25 8 20 8 26 7 22" "23 10 15 25 22 22 12 17 11 14 0 12 29 29 11 1 23" "16 11 2 26 14 19 4 4 27 22 3 19 9 26 0 16" "14 8 17 2 11 1 2 15 0 1 26 23 17 4 10 28 28 28" "17 24 8 14 16 11 26 25 29 18 3 4 24 11 13 26 22" "21 7 7 14 25 22 23 22 24 21 20 22 25 8 8 25 14 24 6" "11 27 28 14 1 23 17 14 11 1 21 24 0 20 1" "12 24 10 29 8 0 21 3 0 22 29 15 16 27 25 20 17 16" "10 9 14 17 12 15 0 7 8 20 0 26 24 24 6 23" "28 7 28 29 29 19 14 7 8 1 27 25 17 24 28 18 0 15 1" "15 0 15 27 22 11 13 8 17 7 3 8 6 1 7" "12 13 4 12 14 24 0 2 10 28 12 10 13 5 17 20 27" "17 19 14 0 28 24 29 1 2 5 24 1 24 28 14 29 10 28" "10 22 25 8 27 27 13 2 14 3 0 9 20 11 24" "9 10 20 2 4 18 18 5 12 16 11 3 19 1 18 29" "5 0 13 2 13 15 9 17 7 18 7 11 4 20 12 6" "15 10 13 25 7 25 12 10 21 1 12 1 22 28 7 22 11 1" "18 2 15 18 21 22 29 17 5 3 24 8 10 26 21 6" "8 10 6 29 11 18 23 25 8 0 18 11 23 16 0 26" "10 9 15 1 18 20 4 4 20 15 23 11 21 19 12 1" "3 4 28 26 29 6 18 9 18 12 25 10 0 18 20 1 4" "11 16 17 16 7 24 9 10 7 20 22 8 7 26 4 27 14 26" "3 5 14 7 23 24 29 3 6 0 29 19 11 16 6 19 23 23 20" "0 10 18 9 10 6 5 7 20 1 3 23 29 17 22 14 11 21" "17 13 9 28 17 25 5 6 10 28 27 5 28 29 23 29 1 21 27" "4 20 4 19 11 14 12 17 25 3 27 5 17 6 3 4" "0 2 3 20 21 8 11 21 24 2 14 15 29 15 19 20" "9 23 26 21 11 13 16 8 18 25 14 14 29 7 6 24 10" "15 10 8 28 4 2 13 20 2 20 1 14 2 2 7 28 23" "12 2 18 22 27 24 6 19 1 13 13 3 2 28 14 2 19 10" "2 22 28 22 24 12 25 26 12 15 12 22 27 14 11 20 3 5 18" "29 23 5 24 25 26 0 27 15 11 2 9 25 0 1 19 5" "8 9 26 12 1 23 26 4 5 29 2 16 14 23 9 19 9 5" "10 24 14 13 18 23 8 11 17 20 16 27 20 25 23 2 18" "28 15 14 19 17 22 3 2 2 15 11 29 14 13 15 29 26 4 14" "15 1 9 23 29 29 18 22 1 28 23 21 13 8 2 22 22" "24 16 5 28 15 19 11 1 10 0 27 25 19 12 26 28 5 17" "15 2 20 13 25 11 19 25 13 3 18 11 28 4 16 18 12" "29 5 8 21 2 3 10 6 22 8 3 9 27 18 3 17 23 29" "4 24 4 8 4 7 28 1 16 16 13 14 7 18 22" "12 18 1 18 10 10 21 11 29 1 15 9 16 14 29 21 0 25 21" "3 19 28 19 5 11 3 4 21 17 3 25 5 27 13 7 29" "19 28 19 4 7 5 10 29 18 2 24 9 29 19 28 27" "25 0 3 22 13 13 17 8 18 14 13 18 13 1 7 4 20 11" "18 13 2 28 15 27 8 15 8 28 4 9 16 5 4 0" "17 17 19 28 2 2 16 15 4 23 19 16 26 23 26 9 17 25" "6 25 1 15 15 6 24 23 3 28 23 13 8 11 2 6" "27 14 12 1 7 24 9 25 9 6 26 26 23 12 3" "6 10 25 4 4 11 7 24 4 12 2 7 15 0 12" "14 17 27 13 11 6 0 20 4 26 16 27 1 11 7 7 21 25 11" "6 10 4 2 22 6 10 29 29 14 3 5 1 0 19 4 29" "24 3 8 3 23 9 14 22 8 28 9 19 15 15 29 19" "21 18 20 13 9 26 16 14 20 9 3 24 8 15 19 3 15 14" "16 28 11 24 18 20 5 4 28 4 15 8 17 25 20 0 4 16" "19 6 18 14 23 18 21 4 21 6 18 2 14 8 13 8 27 25 5" "23 1 8 23 19 26 13 11 0 0 12 11 28 0 26 21 10 17" "24 16 5 26 0 14 1 1 11 26 6 4 12 8 4" "19 0 11 22 23 3 5 4 1 27 22 15 8 10 2" "26 8 20 26 22 21 27 25 17 26 29 21 4 25 19 23 18" "15 11 3 12 7 26 10 0 3 10 10 28 12 28 28" "16 12 15 6 7 24 2 28 16 28 23 27 21 11 19 28 14 22 11" "10 13 22 6 23 24 4 27 14 24 21 0 6 6 6 5 22" "3 0 28 26 27 11 0 16 2 14 0 5 6 3 18" "9 3 14 5 0 28 21 13 21 27 11 19 2 3 20" "4 10 23 23 14 15 10 16 0 2 21 28 5 1 19" "4 25 11 26 16 2 9 7 21 12 18 23 15 8 20 11" "6 5 25 21 7 11 13 9 24 4 15 17 15 21 21 10" "9 18 19 10 17 11 22 6 26 7 6 9 11 17 7" "4 20 15 7 4 24 23 0 1 10 15 15 1 17 2 2" "21 12 15 24 4 21 13 4 20 14 15 29 21 23 4 3" "11 7 24 5 29 18 15 14 25 9 2 27 3 0 10" "15 27 12 29 10 16 19 16 23 18 7 8 14 10 8 18" "25 15 1 13 22 16 8 1 10 27 27 2 7 13 9" "25 8 6 4 19 22 27 0 21 6 6 24 6 24 26 1 9 27 6" "13 14 25 15 3 22 17 11 27 27 7 23 27 6 19 17 28" "9 12 14 15 6 21 10 2 22 11 21 21 13 5 5 9" "1 23 0 4 21 27 11 6 16 17 25 25 8 3 4 20 10" "18 1 22 20 15 3 11 6 9 8 4 10 21 5 3 13 9" "2 12 14 18 22 9 14 0 5 10 12 15 22 0 8 6" "23 10 15 22 11 24 18 21 7 15 16 20 16 25 14 28 9" "20 11 8 12 16 19 24 23 3 16 1 10 28 16 12 14 8" "0 18 6 7 3 22 19 19 9 25 18 19 19 0 22 28 5 8" "21 23 12 8 24 22 6 10 4 12 11 19 12 21 25 11 25 10 22" "11 9 24 0 29 17 22 27 14 22 28 5 7 10 5 1 25 4 4" "16 7 11 21 28 28 24 23 0 17 0 12 26 16 4 17" "19 14 9 3 4 15 11 7 20 12 2 24 8 15 3 7 18 24" "17 18 21 9 27 13 21 16 0 26 3 25 7 10 5 10" "12 21 21 2 26 15 19 4 23 22 4 11 8 10 20 26 23 0 16" "13 2 29 1 5 16 8 7 13 19 14 25 10 27 20 28 13 1 3" "23 29 9 23 9 0 19 24 0 5 23 5 29 14 7 5" "15 4 6 26 18 24 7 16 6 27 21 7 22 19 22 21 28 15" "20 26 17 20 24 2 26 23 9 25 20 2 10 25 0 7 5" "6 13 22 3 4 21 26 15 13 17 6 20 10 26 9 19 9 3 21" "18 0 22 9 24 24 26 25 23 1 11 29 15 4 25 11 25" "27 1 0 25 13 2 21 14 13 22 17 5 19 6 27 3 7 14" "3 9 21 4 20 13 19 16 8 23 4 13 20 5 13 7 10 8" "25 21 13 4 18 2 10 8 28 17 22 26 20 23 9 17 13 14" "22 14 21 26 27 3 23 3 10 3 11 1 20 24 14 25 13 8" "13 6 15 5 24 27 28 26 14 3 10 5 25 25 26" "14 0 6 17 10 2 20 11 22 15 17 17 20 26 15 3 2 22" "27 19 20 23 26 23 25 1 11 20 19 16 5 19 23" "22 25 5 25 9 12 13 27 2 9 12 27 3 4 27 22 15 17 15" "2 3 26 5 23 8 22 20 27 7 27 11 24 2 29 3 14 12" "8 13 4 5 16 0 24 1 8 3 16 3 5 19 0" "5 8 17 17 27 24 14 1 18 8 0 13 14 4 14 14 9 10" "17 3 5 18 11 8 5 14 6 16 6 9 13 6 26 23 26 12 29" "22 8 19 5 14 23 11 29 2 14 10 19 17 16 8 28 24" "4 0 13 11 1 19 17 19 12 5 23 11 2 15 11" "13 18 6 24 17 8 8 27 20 17 5 20 15 0 25 12" "0 23 16 19 2 27 23 8 21 27 2 28 8 24 11 26 22" "5 1 28 25 13 16 0 3 23 0 20 5 15 12 28 23 24 23" "17 1 11 14 3 10 15 19 21 3 12 11 9 5 10" "10 26 4 5 19 27 25 25 4 29 15 27 23 8 17 11 1 21 17" "1 2 8 14 28 12 26 7 9 6 3 19 24 29 24 13 18" "0 22 11 16 11 4 16 29 7 10 20 25 7 13 19 7" "17 20 15 16 29 21 19 19 15 19 5 21 7 9 21 22 20" "3 16 8 24 24 18 6 11 17 19 22 24 9 10 14 24 26 6 16" "25 23 19 22 14 18 1 28 10 13 19 6 0 19 0 16 7 29" "16 18 11 11 27 21 17 14 10 23 0 10 10 15 29 25 22 17 26" "28 10 1 26 2 21 18 18 20 17 7 29 6 10 10 25 2" "9 4 5 1 14 15 9 13 2 1 22 29 13 12 1 6 8 3 19" "13 2 14 12 1 12 22 3 0 16 14 1 20 19 25 26 27" "1 29 5 24 20 10 6 21 8 7 24 28 4 29 22 10 11 23 23" "18 15 20 2 16 3 22 11 29 11 15 23 10 12 17 1 14 15 22" "22 9 13 18 8 5 29 20 20 14 16 8 29 6 10 15 9 24" "1 5 4 24 8 9 3 9 23 10 23 8 3 24 13 13 3 10 12" "0 26 1 0 25 29 3 3 1 27 22 24 25 18 10" "27 5 4 13 15 27 21 10 22 5 24 17 15 6 24 8 25 17" "12 16 3 7 9 23 29 3 18 10 5 13 7 10 17 20 18 14" "28 28 1 14 7 16 13 1 16 8 18 25 12 27 20 20 6 13 11" "23 21 29 6 21 10 23 3 28 0 7 18 20 8 3 28 17" "29 3 16 10 20 20 7 11 10 5 16 14 7 10 5 7 16 26" "2 0 29 24 29 9 6 8 12 4 17 20 26 20 28 6 3 11 5" "21 10 22 27 10 2 3 9 11 21 10 5 13 9 21 13" "27 13 23 24 22 5 12 4 26 10 7 7 15 13 20 17 6 18" "0 13 28 11 26 8 8 10 9 29 15 28 27 20 13 13 12" "25 16 28 5 16 27 12 29 18 29 27 28 27 28 3" "1 29 26 2 9 5 1 24 25 20 6 8 3 18 11 28 27" "25 13 7 7 4 17 7 2 7 26 22 10 13 15 9 1 17 11 7" "27 2 1 4 3 5 22 6 25 11 15 13 24 14 12 29" "19 23 0 7 7 2 13 22 12 14 2 23 21 13 20 16 14 24" "11 9 25 29 12 2 4 7 9 16 28 24 6 21 17 5 28 19 18" "23 25 14 16 16 27 29 24 4 15 13 7 16 0 28 29 25" "28 4 19 26 28 17 9 15 22 29 27 3 3 20 28 18 29" "7 28 1 3 5 6 11 22 7 9 21 2 12 11 28 23" "18 10 8 26 2 29 23 27 2 13 17 12 12 24 12 2 17 15 8" "18 22 22 20 5 16 24 16 14 17 15 25 27 15 21 21 14 14" "8 19 28 13 24 22 25 26 1 2 26 25 13 18 9 3" "26 19 9 2 28 16 27 17 1 10 0 7 24 11 16 14 10 21" "24 8 26 26 10 23 13 15 11 22 10 27 10 29 6 5 27 23" "6 16 5 7 24 21 18 2 5 20 23 5 15 1 2 3 3 17 16" "20 0 29 17 3 21 16 0 10 1 24 17 17 21 16 11 13 4 13" "17 28 8 2 21 2 5 25 19 13 6 9 5 5 19" "18 5 8 29 6 25 8 23 16 24 27 21 20 2 2 7 1 2" "22 4 28 9 23 11 15 24 9 13 5 17 1 10 18 22" "5 0 24 13 16 21 5 29 23 29 6 16 1 0 1 5 28 10" "2 26 6 11 9 12 28 2 14 8 25 23 13 17 9" "26 0 24 25 15 15 23 24 8 23 25 13 22 5 25 24 1" "27 2 5 17 27 20 26 14 5 1 1 14 20 19 6 14 6 21" "0 7 29 23 2 4 7 8 29 23 1 23 20 26 20 8" "10 26 7 15 27 0 21 10 20 27 24 26 19 16 18 18 7 4" "12 11 21 11 27 22 26 9 10 17 17 3 19 5 10 27" "3 18 5 15 8 21 11 19 29 22 7 7 26 28 19" "19 22 26 4 19 28 14 28 15 10 9 13 12 28 8 15 9 13 0" "4 4 6 4 26 13 11 14 12 22 5 23 14 24 19 25 22" "15 29 6 25 12 18 15 20 26 24 25 26 11 22 22 17 18 10 23" "24 27 13 22 20 27 16 10 15 8 6 0 7 4 17 12" "3 24 18 27 20 7 9 4 29 18 22 10 11 13 26 8 26" "21 15 4 23 0 4 21 1 12 25 18 16 17 21 10 28 11 22" "12 26 4 0 18 6 4 1 3 4 19 21 25 5 18" "27 22 9 28 26 4 9 12 14 22 15 12 3 7 9 15 4 13" "22 20 4 16 15 8 27 6 4 2 16 14 0 9 16 20 27 12" "10 26 14 25 0 9 2 9 17 28 15 17 13 27 21 29" "29 26 10 25 21 27 10 13 28 18 3 25 0 25 5 19 1" "11 10 17 13 19 15 28 6 20 25 27 11 7 19 0 9 14" "6 16 26 4 4 29 0 27 16 27 8 9 12 19 12 29" "1 6 22 0 27 17 19 0 16 8 0 26 23 21 24 1 17" "28 9 21 17 17 10 25 19 22 6 1 13 9 24 12 1 16 1 11" "1 27 14 2 15 29 15 10 1 3 1 21 4 22 8 13" "3 2 9 9 25 22 10 12 26 4 28 27 15 4 29 4 11 1 20" "8 22 3 3 23 24 7 7 2 13 23 27 7 2 29" "25 9 7 13 13 5 11 20 2 2 25 13 25 7 15 3 21 19" "14 5 14 13 0 19 6 27 27 9 18 22 26 28 29 9 3" "12 24 20 14 11 25 9 10 11 13 1 22 20 7 19 26" "19 16 18 9 5 19 27 27 15 17 26 17 13 14 21" "5 6 10 0 15 12 3 20 13 17 2 20 7 29 2 18 7 20 27" "10 17 9 17 26 27 26 9 11 18 8 8 16 10 9 23 22" "14 27 22 16 9 29 7 11 17 14 24 7 18 26 24 19 13" "16 2 22 20 12 0 28 28 3 29 21 17 4 5 7" "14 16 25 21 28 12 28 14 19 16 10 5 28 15 18 14" "10 26 29 2 25 19 27 16 11 15 20 8 22 16 22 0 3" "28 16 4 4 27 12 14 25 10 0 13 17 17 15 13 9" "0 28 7 17 1 14 7 10 28 16 24 28 19 0 19 27 26 23 17" "8 12 3 8 17 20 17 24 26 18 3 26 17 2 5 18" "5 20 6 21 15 5 10 7 24 0 4 9 17 27 9 21" "17 8 13 27 24 9 15 19 27 24 22 3 5 0 8" "7 21 2 4 1 10 20 1 6 29 10 25 9 1 25" "1 8 7 25 17 15 15 15 9 29 10 6 29 18 2 28 9 26" "2 28 14 26 4 14 6 29 15 0 17 3 1 25 3 19 5" "4 12 27 25 22 26 16 2 20 15 3 16 9 27 15 24 15 11" "14 11 15 14 20 10 15 15 13 4 12 23 0 24 13" "8 9 4 10 29 19 5 15 20 3 22 14 10 4 6 24 7" "8 27 24 16 12 29 12 25 23 5 11 28 22 20 7 26" "6 7 28 13 28 23 6 4 3 10 11 28 17 24 6 14 10" "18 2 27 5 17 2 17 15 24 29 22 21 21 20 28 19 3" "4 1 23 8 11 26 6 20 12 4 26 23 19 7 17 16 12 4" "21 19 12 20 11 25 12 1 16 23 26 4 28 28 19 6 1 7" "22 20 0 10 5 19 17 22 27 22 26 15 5 15 20 26 18 15 0" "23 23 7 28 21 5 9 19 29 17 15 21 29 16 23 26" "3 18 25 25 6 10 0 13 22 18 23 0 18 4 23 4 3" "17 1 15 29 0 2 14 13 23 0 6 19 28 9 29 15 4 27" "27 2 10 7 25 2 26 21 25 22 24 1 9 25 16" "25 10 15 8 3 15 15 14 5 16 13 20 13 10 8 10 4 10" "29 12 5 20 7 19 14 0 29 2 16 29 19 26 14 28 29" "5 5 19 13 18 2 26 20 2 6 24 12 16 15 24 13 5" "3 12 24 24 14 2 23 25 29 0 23 20 14 20 26 25 4 6" "22 27 21 21 13 3 7 29 19 12 26 5 15 0 29 1 14" "17 2 22 17 17 5 23 8 23 18 4 29 8 18 18 29 9 24" "8 15 14 21 11 19 28 12 10 0 18 4 17 20 18" "8 15 11 8 8 21 4 0 29 22 18 21 2 4 16 10" "22 23 1 4 14 5 14 14 15 10 23 28 21 11 6 6 22 6 7" "10 7 5 24 17 26 18 22 4 21 11 18 14 4 22 28 9 7" "17 9 19 15 0 0 21 29 14 19 6 20 21 5 25 15 22 13 26" "9 17 18 27 23 22 20 22 24 27 18 11 28 0 26 29 22 9 20" "20 26 27 11 1 14 18 15 27 14 22 6 1 10 3 25 24" "9 18 12 19 21 3 11 9 2 4 10 22 3 0 10 0 11 3" "22 18 3 28 2 9 0 12 4 17 7 20 18 17 24 29 9 27 11" "21 7 29 5 10 29 15 10 3 10 16 17 21 19 15 23 20 7" "16 16 5 6 26 22 1 26 1 28 29 12 12 6 3 17" "24 25 18 27 5 4 6 26 15 22 12 27 21 10 13 8" "20 4 7 13 22 1 3 21 5 15 19 8 3 5 2" "23 22 25 19 28 14 26 12 18 23 4 28 29 4 13" "0 12 24 15 5 27 28 10 5 18 18 0 15 21 20 1 5 7 12" "21 9 8 9 24 4 29 23 0 12 12 0 17 28 7 22 18 6" "23 16 13 23 1 26 13 24 1 12 7 27 4 16 5 5 10 1" "4 1 9 8 23 26 29 1 11 17 7 14 10 15 19" "16 16 8 11 9 20 18 28 16 26 25 14 28 26 11 24 27 12" "21 9 2 14 20 19 13 26 21 28 15 16 6 23 16 9 25 28" "23 15 15 19 21 6 15 24 0 5 6 3 18 15 27 2 27 8 7" "29 5 23 7 11 8 23 13 3 22 2 27 29 10 8" "16 15 14 16 20 12 12 8 28 1 2 17 2 9 3" "6 26 1 10 4 24 23 0 8 25 19 7 27 27 19 13 12 25" "25 8 4 25 28 27 28 15 29 29 10 23 6 28 24 16 3" "1 25 19 18 14 26 16 11 8 21 15 3 13 2 11" 

large30-timings:
	./${BIN} data/large30.set no "11 29 14 16 13 25 10 1 1 0 28 17 17 0 1" "18 0 3 4 11 22 5 6 13 1 27 17 14 26 8" "25 14 3 8 2 6 1 3 6 29 12 16 21 14 26 10 14" "6 17 13 4 23 18 27 20 6 11 8 6 29 25 12 24" "14 0 26 17 29 25 0 15 17 6 3 19 20 24 17 29 0 21" "18 18 5 16 22 13 22 13 9 27 7 4 11 0 23 21 29" "13 6 27 19 1 8 1 25 26 0 25 9 22 6 28 19 22 20" "7 25 26 4 2 0 7 2 15 28 23 4 11 21 23" "22 2 23 18 20 23 5 29 8 11 19 27 26 1 14 3 26" "7 21 3 6 23 18 5 9 14 8 0 8 1 23 2" "3 14 10 8 13 10 12 25 29 8 26 14 3 15 24 2 6 27 8" "16 13 8 0 14 1 0 15 24 2 9 27 16 11 27 22 21 1 9" "1 5 5 4 20 21 6 26 19 15 18 5 20 18 27 4" "28 19 13 22 21 2 1 24 0 15 16 1 24 29 3 29 26 7 12" "6 0 6 13 10 3 3 29 1 0 18 29 19 24 13 2 26" "27 18 29 5 12 23 4 15 15 22 14 19 9 20 19 16 25 0 19" "21 12 29 1 3 10 25 17 5 14 1 24 2 23 29 14 16 25 21" "17 28 12 26 10 2 4 6 24 16 5 15 28 26 16 24 28 4" "3 10 4 19 4 27 18 11 14 5 2 7 22 22 12 11" "6 7 9 0 23 6 7 14 24 15 8 22 11 11 18 21 15 7" "13 18 7 19 23 1 18 8 24 0 11 27 28 18 28 20" "4 27 18 28 5 18 12 16 29 22 8 6 22 26 11 10 3 0 25" "11 25 20 3 28 9 2 17 7 22 13 3 12 1 23 17" "6 25 2 20 25 8 12 21 20 14 16 12 2 13 23 19" "19 18 5 13 5 4 5 10 8 9 11 1 26 14 29" "16 12 9 24 24 1 6 1 17 19 3 22 4 22 10 23 10 7 28" "11 4 17 11 13 20 13 2 26 4 16 12 16 25 29 3 18" "4 28 24 29 12 21 21 22 6 24 29 5 23 11 1" "22 6 15 27 0 12 2 16 24 10 4 23 13 14 21 17 12 7" "17 28 0 9 27 16 9 2 1 12 25 26 26 1 12 16" "16 10 10 2 20 6 18 4 13 9 13 17 16 22 4 7 22" "4 0 15 28 1 19 23 20 7 16 2 23 18 10 3 21 12 24 27" "20 2 1 3 20 10 17 24 17 9 8 13 1 15 11" "26 26 15 4 4 9 27 15 19 1 6 23 17 25 24" "28 17 24 18 27 12 12 14 13 13 19 15 20 22 10 17 18 17 21" "26 10 0 7 3 6 0 12 23 16 11 21 4 6 9" "18 14 8 1 19 19 8 9 12 10 18 22 19 9 7 15" "7 22 15 13 23 28 7 1 9 20 5 7 22 29 25 28 29" "17 18 19 18 0 22 7 23 11 16 0 27 20 0 11 6 5 26 4" "28 5 25 3 13 9 24 0 7 23 11 24 12 1 4 12 23 11 27" "20 20 23 10 20 5 16 17 23 12 22 21 18 9 17 23 18 11 23" "5 5 3 9 28 7 21 21 19 11 17 9 1 3 11 13 8" "0 23 2 14 15 20 23 24 5 3 5 29 20 2 26 23 11 24" "25 7 12 28 24 13 21 27 24 4 27 14 26 21 17 3" "29 26 22 5 22 19 26 4 14 22 28 17 16 21 4 15 25 2" "8 23 29 2 19 18 17 8 1 4 11 21 25 29 13 0 13 25 26" "9 18 16 18 26 29 23 11 24 17 13 2 11 4 26 22 14 5" "16 9 3 7 5 25 13 27 8 8 24 18 9 4 26 19 23" "12 4 11 0 9 5 3 5 2 17 20 7 10 6 9" "5 6 22 18 3 23 18 19 11 19 16 8 9 9 25" "5 7 5 15 12 0 12 6 18 2 6 20 8 15 17 6 21 10" "16 25 5 28 6 24 14 6 25 23 2 9 28 1 6 5 5 7 10" "17 12 18 29 13 25 16 19 8 18 5 16 13 10 14 12 5" "10 0 13 4 1 4 27 8 1 3 7 11 7 16 24 17 15 29" "1 18 20 12 15 6 17 26 13 21 1 3 24 23 17 28 17" "26 17 14 21 24 26 28 10 12 15 17 3 19 10 13 1" "28 29 2 24 12 23 17 16 17 11 25 8 20 8 26 7 22" "23 10 15 25 22 22 12 17 11 14 0 12 29 29 11 1 23" "16 11 2 26 14 19 4 4 27 22 3 19 9 26 0 16" "14 8 17 2 11 1 2 15 0 1 26 23 17 4 10 28 28 28" "17 24 8 14 16 11 26 25 29 18 3 4 24 11 13 26 22" "21 7 7 14 25 22 23 22 24 21 20 22 25 8 8 25 14 24 6" "11 27 28 14 1 23 17 14 11 1 21 24 0 20 1" "12 24 10 29 8 0 21 3 0 22 29 15 16 27 25 20 17 16" "10 9 14 17 12 15 0 7 8 20 0 26 24 24 6 23" "28 7 28 29 29 19 14 7 8 1 27 25 17 24 28 18 0 15 1" "15 0 15 27 22 11 13 8 17 7 3 8 6 1 7" "12 13 4 12 14 24 0 2 10 28 12 10 13 5 17 20 27" "17 19 14 0 28 24 29 1 2 5 24 1 24 28 14 29 10 28" "10 22 25 8 27 27 13 2 14 3 0 9 20 11 24" "9 10 20 2 4 18 18 5 12 16 11 3 19 1 18 29" "5 0 13 2 13 15 9 17 7 18 7 11 4 20 12 6" "15 10 13 25 7 25 12 10 21 1 12 1 22 28 7 22 11 1" "18 2 15 18 21 22 29 17 5 3 24 8 10 26 21 6" "8 10 6 29 11 18 23 25 8 0 18 11 23 16 0 26" "10 9 15 1 18 20 4 4 20 15 23 11 21 19 12 1" "3 4 28 26 29 6 18 9 18 12 25 10 0 18 20 1 4" "11 16 17 16 7 24 9 10 7 20 22 8 7 26 4 27 14 26" "3 5 14 7 23 24 29 3 6 0 29 19 11 16 6 19 23 23 20" "0 10 18 9 10 6 5 7 20 1 3 23 29 17 22 14 11 21" "17 13 9 28 17 25 5 6 10 28 27 5 28 29 23 29 1 21 27" "4 20 4 19 11 14 12 17 25 3 27 5 17 6 3 4" "0 2 3 20 21 8 11 21 24 2 14 15 29 15 19 20" "9 23 26 21 11 13 16 8 18 25 14 14 29 7 6 24 10" "15 10 8 28 4 2 13 20 2 20 1 14 2 2 7 28 23" "12 2 18 22 27 24 6 19 1 13 13 3 2 28 14 2 19 10" "2 22 28 22 24 12 25 26 12 15 12 22 27 14 11 20 3 5 18" "29 23 5 24 25 26 0 27 15 11 2 9 25 0 1 19 5" "8 9 26 12 1 23 26 4 5 29 2 16 14 23 9 19 9 5" "10 24 14 13 18 23 8 11 17 20 16 27 20 25 23 2 18" "28 15 14 19 17 22 3 2 2 15 11 29 14 13 15 29 26 4 14" "15 1 9 23 29 29 18 22 1 28 23 21 13 8 2 22 22" "24 16 5 28 15 19 11 1 10 0 27 25 19 12 26 28 5 17" "15 2 20 13 25 11 19 25 13 3 18 11 28 4 16 18 12" "29 5 8 21 2 3 10 6 22 8 3 9 27 18 3 17 23 29" "4 24 4 8 4 7 28 1 16 16 13 14 7 18 22" "12 18 1 18 10 10 21 11 29 1 15 9 16 14 29 21 0 25 21" "3 19 28 19 5 11 3 4 21 17 3 25 5 27 13 7 29" "19 28 19 4 7 5 10 29 18 2 24 9 29 19 28 27" "25 0 3 22 13 13 17 8 18 14 13 18 13 1 7 4 20 11" "18 13 2 28 15 27 8 15 8 28 4 9 16 5 4 0" "17 17 19 28 2 2 16 15 4 23 19 16 26 23 26 9 17 25" "6 25 1 15 15 6 24 23 3 28 23 13 8 11 2 6" "27 14 12 1 7 24 9 25 9 6 26 26 23 12 3" "6 10 25 4 4 11 7 24 4 12 2 7 15 0 12" "14 17 27 13 11 6 0 20 4 26 16 27 1 11 7 7 21 25 11" "6 10 4 2 22 6 10 29 29 14 3 5 1 0 19 4 29" "24 3 8 3 23 9 14 22 8 28 9 19 15 15 29 19" "21 18 20 13 9 26 16 14 20 9 3 24 8 15 19 3 15 14" "16 28 11 24 18 20 5 4 28 4 15 8 17 25 20 0 4 16" "19 6 18 14 23 18 21 4 21 6 18 2 14 8 13 8 27 25 5" "23 1 8 23 19 26 13 11 0 0 12 11 28 0 26 21 10 17" "24 16 5 26 0 14 1 1 11 26 6 4 12 8 4" "19 0 11 22 23 3 5 4 1 27 22 15 8 10 2" "26 8 20 26 22 21 27 25 17 26 29 21 4 25 19 23 18" "15 11 3 12 7 26 10 0 3 10 10 28 12 28 28" "16 12 15 6 7 24 2 28 16 28 23 27 21 11 19 28 14 22 11" "10 13 22 6 23 24 4 27 14 24 21 0 6 6 6 5 22" "3 0 28 26 27 11 0 16 2 14 0 5 6 3 18" "9 3 14 5 0 28 21 13 21 27 11 19 2 3 20" "4 10 23 23 14 15 10 16 0 2 21 28 5 1 19" "4 25 11 26 16 2 9 7 21 12 18 23 15 8 20 11" "6 5 25 21 7 11 13 9 24 4 15 17 15 21 21 10" "9 18 19 10 17 11 22 6 26 7 6 9 11 17 7" "4 20 15 7 4 24 23 0 1 10 15 15 1 17 2 2" "21 12 15 24 4 21 13 4 20 14 15 29 21 23 4 3" "11 7 24 5 29 18 15 14 25 9 2 27 3 0 10" "15 27 12 29 10 16 19 16 23 18 7 8 14 10 8 18" "25 15 1 13 22 16 8 1 10 27 27 2 7 13 9" "25 8 6 4 19 22 27 0 21 6 6 24 6 24 26 1 9 27 6" "13 14 25 15 3 22 17 11 27 27 7 23 27 6 19 17 28" "9 12 14 15 6 21 10 2 22 11 21 21 13 5 5 9" "1 23 0 4 21 27 11 6 16 17 25 25 8 3 4 20 10" "18 1 22 20 15 3 11 6 9 8 4 10 21 5 3 13 9" "2 12 14 18 22 9 14 0 5 10 12 15 22 0 8 6" "23 10 15 22 11 24 18 21 7 15 16 20 16 25 14 28 9" "20 11 8 12 16 19 24 23 3 16 1 10 28 16 12 14 8" "0 18 6 7 3 22 19 19 9 25 18 19 19 0 22 28 5 8" "21 23 12 8 24 22 6 10 4 12 11 19 12 21 25 11 25 10 22" "11 9 24 0 29 17 22 27 14 22 28 5 7 10 5 1 25 4 4" "16 7 11 21 28 28 24 23 0 17 0 12 26 16 4 17" "19 14 9 3 4 15 11 7 20 12 2 24 8 15 3 7 18 24" "17 18 21 9 27 13 21 16 0 26 3 25 7 10 5 10" "12 21 21 2 26 15 19 4 23 22 4 11 8 10 20 26 23 0 16" "13 2 29 1 5 16 8 7 13 19 14 25 10 27 20 28 13 1 3" "23 29 9 23 9 0 19 24 0 5 23 5 29 14 7 5" "15 4 6 26 18 24 7 16 6 27 21 7 22 19 22 21 28 15" "20 26 17 20 24 2 26 23 9 25 20 2 10 25 0 7 5" "6 13 22 3 4 21 26 15 13 17 6 20 10 26 9 19 9 3 21" "18 0 22 9 24 24 26 25 23 1 11 29 15 4 25 11 25" "27 1 0 25 13 2 21 14 13 22 17 5 19 6 27 3 7 14" "3 9 21 4 20 13 19 16 8 23 4 13 20 5 13 7 10 8" "25 21 13 4 18 2 10 8 28 17 22 26 20 23 9 17 13 14" "22 14 21 26 27 3 23 3 10 3 11 1 20 24 14 25 13 8" "13 6 15 5 24 27 28 26 14 3 10 5 25 25 26" "14 0 6 17 10 2 20 11 22 15 17 17 20 26 15 3 2 22" "27 19 20 23 26 23 25 1 11 20 19 16 5 19 23" "22 25 5 25 9 12 13 27 2 9 12 27 3 4 27 22 15 17 15" "2 3 26 5 23 8 22 20 27 7 27 11 24 2 29 3 14 12" "8 13 4 5 16 0 24 1 8 3 16 3 5 19 0" "5 8 17 17 27 24 14 1 18 8 0 13 14 4 14 14 9 10" "17 3 5 18 11 8 5 14 6 16 6 9 13 6 26 23 26 12 29" "22 8 19 5 14 23 11 29 2 14 10 19 17 16 8 28 24" "4 0 13 11 1 19 17 19 12 5 23 11 2 15 11" "13 18 6 24 17 8 8 27 20 17 5 20 15 0 25 12" "0 23 16 19 2 27 23 8 21 27 2 28 8 24 11 26 22" "5 1 28 25 13 16 0 3 23 0 20 5 15 12 28 23 24 23" "17 1 11 14 3 10 15 19 21 3 12 11 9 5 10" "10 26 4 5 19 27 25 25 4 29 15 27 23 8 17 11 1 21 17" "1 2 8 14 28 12 26 7 9 6 3 19 24 29 24 13 18" "0 22 11 16 11 4 16 29 7 10 20 25 7 13 19 7" "17 20 15 16 29 21 19 19 15 19 5 21 7 9 21 22 20" "3 16 8 24 24 18 6 11 17 19 22 24 9 10 14 24 26 6 16" "25 23 19 22 14 18 1 28 10 13 19 6 0 19 0 16 7 29" "16 18 11 11 27 21 17 14 10 23 0 10 10 15 29 25 22 17 26" "28 10 1 26 2 21 18 18 20 17 7 29 6 10 10 25 2" "9 4 5 1 14 15 9 13 2 1 22 29 13 12 1 6 8 3 19" "13 2 14 12 1 12 22 3 0 16 14 1 20 19 25 26 27" "1 29 5 24 20 10 6 21 8 7 24 28 4 29 22 10 11 23 23" "18 15 20 2 16 3 22 11 29 11 15 23 10 12 17 1 14 15 22" "22 9 13 18 8 5 29 20 20 14 16 8 29 6 10 15 9 24" "1 5 4 24 8 9 3 9 23 10 23 8 3 24 13 13 3 10 12" "0 26 1 0 25 29 3 3 1 27 22 24 25 18 10" "27 5 4 13 15 27 21 10 22 5 24 17 15 6 24 8 25 17" "12 16 3 7 9 23 29 3 18 10 5 13 7 10 17 20 18 14" "28 28 1 14 7 16 13 1 16 8 18 25 12 27 20 20 6 13 11" "23 21 29 6 21 10 23 3 28 0 7 18 20 8 3 28 17" "29 3 16 10 20 20 7 11 10 5 16 14 7 10 5 7 16 26" "2 0 29 24 29 9 6 8 12 4 17 20 26 20 28 6 3 11 5" "21 10 22 27 10 2 3 9 11 21 10 5 13 9 21 13" "27 13 23 24 22 5 12 4 26 10 7 7 15 13 20 17 6 18" "0 13 28 11 26 8 8 10 9 29 15 28 27 20 13 13 12" "25 16 28 5 16 27 12 29 18 29 27 28 27 28 3" "1 29 26 2 9 5 1 24 25 20 6 8 3 18 11 28 27" "25 13 7 7 4 17 7 2 7 26 22 10 13 15 9 1 17 11 7" "27 2 1 4 3 5 22 6 25 11 15 13 24 14 12 29" "19 23 0 7 7 2 13 22 12 14 2 23 21 13 20 16 14 24" "11 9 25 29 12 2 4 7 9 16 28 24 6 21 17 5 28 19 18" "23 25 14 16 16 27 29 24 4 15 13 7 16 0 28 29 25" "28 4 19 26 28 17 9 15 22 29 27 3 3 20 28 18 29" "7 28 1 3 5 6 11 22 7 9 21 2 12 11 28 23" "18 10 8 26 2 29 23 27 2 13 17 12 12 24 12 2 17 15 8" "18 22 22 20 5 16 24 16 14 17 15 25 27 15 21 21 14 14" "8 19 28 13 24 22 25 26 1 2 26 25 13 18 9 3" "26 19 9 2 28 16 27 17 1 10 0 7 24 11 16 14 10 21" "24 8 26 26 10 23 13 15 11 22 10 27 10 29 6 5 27 23" "6 16 5 7 24 21 18 2 5 20 23 5 15 1 2 3 3 17 16" "20 0 29 17 3 21 16 0 10 1 24 17 17 21 16 11 13 4 13" "17 28 8 2 21 2 5 25 19 13 6 9 5 5 19" "18 5 8 29 6 25 8 23 16 24 27 21 20 2 2 7 1 2" "22 4 28 9 23 11 15 24 9 13 5 17 1 10 18 22" "5 0 24 13 16 21 5 29 23 29 6 16 1 0 1 5 28 10" "2 26 6 11 9 12 28 2 14 8 25 23 13 17 9" "26 0 24 25 15 15 23 24 8 23 25 13 22 5 25 24 1" "27 2 5 17 27 20 26 14 5 1 1 14 20 19 6 14 6 21" "0 7 29 23 2 4 7 8 29 23 1 23 20 26 20 8" "10 26 7 15 27 0 21 10 20 27 24 26 19 16 18 18 7 4" "12 11 21 11 27 22 26 9 10 17 17 3 19 5 10 27" "3 18 5 15 8 21 11 19 29 22 7 7 26 28 19" "19 22 26 4 19 28 14 28 15 10 9 13 12 28 8 15 9 13 0" "4 4 6 4 26 13 11 14 12 22 5 23 14 24 19 25 22" "15 29 6 25 12 18 15 20 26 24 25 26 11 22 22 17 18 10 23" "24 27 13 22 20 27 16 10 15 8 6 0 7 4 17 12" "3 24 18 27 20 7 9 4 29 18 22 10 11 13 26 8 26" "21 15 4 23 0 4 21 1 12 25 18 16 17 21 10 28 11 22" "12 26 4 0 18 6 4 1 3 4 19 21 25 5 18" "27 22 9 28 26 4 9 12 14 22 15 12 3 7 9 15 4 13" "22 20 4 16 15 8 27 6 4 2 16 14 0 9 16 20 27 12" "10 26 14 25 0 9 2 9 17 28 15 17 13 27 21 29" "29 26 10 25 21 27 10 13 28 18 3 25 0 25 5 19 1" "11 10 17 13 19 15 28 6 20 25 27 11 7 19 0 9 14" "6 16 26 4 4 29 0 27 16 27 8 9 12 19 12 29" "1 6 22 0 27 17 19 0 16 8 0 26 23 21 24 1 17" "28 9 21 17 17 10 25 19 22 6 1 13 9 24 12 1 16 1 11" "1 27 14 2 15 29 15 10 1 3 1 21 4 22 8 13" "3 2 9 9 25 22 10 12 26 4 28 27 15 4 29 4 11 1 20" "8 22 3 3 23 24 7 7 2 13 23 27 7 2 29" "25 9 7 13 13 5 11 20 2 2 25 13 25 7 15 3 21 19" "14 5 14 13 0 19 6 27 27 9 18 22 26 28 29 9 3" "12 24 20 14 11 25 9 10 11 13 1 22 20 7 19 26" "19 16 18 9 5 19 27 27 15 17 26 17 13 14 21" "5 6 10 0 15 12 3 20 13 17 2 20 7 29 2 18 7 20 27" "10 17 9 17 26 27 26 9 11 18 8 8 16 10 9 23 22" "14 27 22 16 9 29 7 11 17 14 24 7 18 26 24 19 13" "16 2 22 20 12 0 28 28 3 29 21 17 4 5 7" "14 16 25 21 28 12 28 14 19 16 10 5 28 15 18 14" "10 26 29 2 25 19 27 16 11 15 20 8 22 16 22 0 3" "28 16 4 4 27 12 14 25 10 0 13 17 17 15 13 9" "0 28 7 17 1 14 7 10 28 16 24 28 19 0 19 27 26 23 17" "8 12 3 8 17 20 17 24 26 18 3 26 17 2 5 18" "5 20 6 21 15 5 10 7 24 0 4 9 17 27 9 21" "17 8 13 27 24 9 15 19 27 24 22 3 5 0 8" "7 21 2 4 1 10 20 1 6 29 10 25 9 1 25" "1 8 7 25 17 15 15 15 9 29 10 6 29 18 2 28 9 26" "2 28 14 26 4 14 6 29 15 0 17 3 1 25 3 19 5" "4 12 27 25 22 26 16 2 20 15 3 16 9 27 15 24 15 11" "14 11 15 14 20 10 15 15 13 4 12 23 0 24 13" "8 9 4 10 29 19 5 15 20 3 22 14 10 4 6 24 7" "8 27 24 16 12 29 12 25 23 5 11 28 22 20 7 26" "6 7 28 13 28 23 6 4 3 10 11 28 17 24 6 14 10" "18 2 27 5 17 2 17 15 24 29 22 21 21 20 28 19 3" "4 1 23 8 11 26 6 20 12 4 26 23 19 7 17 16 12 4" "21 19 12 20 11 25 12 1 16 23 26 4 28 28 19 6 1 7" "22 20 0 10 5 19 17 22 27 22 26 15 5 15 20 26 18 15 0" "23 23 7 28 21 5 9 19 29 17 15 21 29 16 23 26" "3 18 25 25 6 10 0 13 22 18 23 0 18 4 23 4 3" "17 1 15 29 0 2 14 13 23 0 6 19 28 9 29 15 4 27" "27 2 10 7 25 2 26 21 25 22 24 1 9 25 16" "25 10 15 8 3 15 15 14 5 16 13 20 13 10 8 10 4 10" "29 12 5 20 7 19 14 0 29 2 16 29 19 26 14 28 29" "5 5 19 13 18 2 26 20 2 6 24 12 16 15 24 13 5" "3 12 24 24 14 2 23 25 29 0 23 20 14 20 26 25 4 6" "22 27 21 21 13 3 7 29 19 12 26 5 15 0 29 1 14" "17 2 22 17 17 5 23 8 23 18 4 29 8 18 18 29 9 24" "8 15 14 21 11 19 28 12 10 0 18 4 17 20 18" "8 15 11 8 8 21 4 0 29 22 18 21 2 4 16 10" "22 23 1 4 14 5 14 14 15 10 23 28 21 11 6 6 22 6 7" "10 7 5 24 17 26 18 22 4 21 11 18 14 4 22 28 9 7" "17 9 19 15 0 0 21 29 14 19 6 20 21 5 25 15 22 13 26" "9 17 18 27 23 22 20 22 24 27 18 11 28 0 26 29 22 9 20" "20 26 27 11 1 14 18 15 27 14 22 6 1 10 3 25 24" "9 18 12 19 21 3 11 9 2 4 10 22 3 0 10 0 11 3" "22 18 3 28 2 9 0 12 4 17 7 20 18 17 24 29 9 27 11" "21 7 29 5 10 29 15 10 3 10 16 17 21 19 15 23 20 7" "16 16 5 6 26 22 1 26 1 28 29 12 12 6 3 17" "24 25 18 27 5 4 6 26 15 22 12 27 21 10 13 8" "20 4 7 13 22 1 3 21 5 15 19 8 3 5 2" "23 22 25 19 28 14 26 12 18 23 4 28 29 4 13" "0 12 24 15 5 27 28 10 5 18 18 0 15 21 20 1 5 7 12" "21 9 8 9 24 4 29 23 0 12 12 0 17 28 7 22 18 6" "23 16 13 23 1 26 13 24 1 12 7 27 4 16 5 5 10 1" "4 1 9 8 23 26 29 1 11 17 7 14 10 15 19" "16 16 8 11 9 20 18 28 16 26 25 14 28 26 11 24 27 12" "21 9 2 14 20 19 13 26 21 28 15 16 6 23 16 9 25 28" "23 15 15 19 21 6 15 24 0 5 6 3 18 15 27 2 27 8 7" "29 5 23 7 11 8 23 13 3 22 2 27 29 10 8" "16 15 14 16 20 12 12 8 28 1 2 17 2 9 3" "6 26 1 10 4 24 23 0 8 25 19 7 27 27 19 13 12 25" "25 8 4 25 28 27 28 15 29 29 10 23 6 28 24 16 3" "1 25 19 18 14 26 16 11 8 21 15 3 13 2 11" 
large-timings: all
	./${BIN} data/large50.set no "1 29 34 6 23 5 20 31 21 30" "47 47 40 1 30 38 10 43 44 41 12 15 6" "1 17 7 24 46 48 27 25 34 33 48 42 6" "13 36 9 12 36 1 14 16 40 24 11" "17 23 4 23 38 7 40 46 31 38 46" "15 32 44 13 24 0 46 37 39 5 0 25 7 16" "49 40 4 37 9 30 41 32 18 48 25 16 32" "12 43 29 47 37 44 21 40 43 11 29 48 13" "7 29 1 8 21 5 46 30 35 39 12" "38 39 22 20 5 37 15 36 34 2 30" "42 25 18 23 24 31 31 33 12 32 42 33" "40 13 25 29 28 31 19 17 6 41 24 43 6" "27 11 43 36 3 18 5 29 44 38" "28 1 43 22 34 33 14 0 8 43" "42 15 49 48 6 24 43 15 34 22" "27 8 29 46 13 8 40 4 21 20 5" "42 39 47 6 41 7 2 21 1 19 21 1 25 45" "40 31 16 16 9 25 48 5 40 8 47 44 29 18" "43 12 41 42 21 34 0 25 6 1 44 29 3 19" "47 12 7 16 30 16 43 30 23 33 39" "30 18 39 29 14 3 22 6 24 7 8" "15 12 43 44 15 15 22 14 29 29 30 9 46 25" "19 9 31 42 39 1 33 20 15 37" "24 11 4 32 13 19 44 6 15 11" "37 28 2 16 10 12 14 36 4 36 45 35 28" "36 14 8 4 1 3 30 14 9 14 27" "11 34 45 22 7 32 2 12 1 13 26 17 49" "3 46 17 34 34 5 48 42 11 1" "41 15 7 6 43 38 17 29 33 41 38 18 44" "21 7 28 38 8 10 44 4 27 28" "35 28 32 46 29 32 38 46 42 46 41 30 13" "15 6 11 35 0 13 8 9 42 47" "2 43 23 32 21 13 17 1 46 15 32 30" "28 22 1 20 4 16 42 22 23 3" "25 19 18 35 13 15 4 15 10 28 49 31 41 16" "39 34 16 22 39 44 44 41 16 1 7 9 23 32" "32 10 33 0 47 48 17 1 14 27 31 13 10 23" "46 14 16 12 36 5 9 33 48 25 34 8" "9 42 1 41 2 36 44 49 35 13 1 1 43 32" "5 7 0 2 22 16 14 10 24 23 43" "1 27 32 37 36 27 38 30 29 27 26 29 12 41" "15 36 16 31 42 26 32 46 0 0 12 10" "38 4 3 39 33 37 26 22 14 17 2" "44 30 25 8 21 9 23 10 27 6 2 3 38 0" "41 12 14 17 0 20 22 41 3 10 20 27 24" "29 18 33 11 45 41 35 6 16 45 34 24" "37 15 49 41 6 13 7 25 14 29 48 7 34 8" "12 32 14 43 3 49 5 0 42 40 7 8" "41 35 36 30 0 37 23 6 0 32 33 16" "31 24 46 39 1 8 24 18 1 29 19" "29 12 0 38 22 39 29 7 25 12 7 12 35" "13 18 47 31 29 30 5 27 22 9 35 48 29" "27 48 49 8 10 2 47 33 41 26 40 17 40 0" "26 15 46 44 14 28 25 45 33 3 19" "40 17 23 31 44 22 31 4 32 33 1 17 24 30" "43 20 10 25 46 27 23 42 42 1" "39 37 23 8 31 13 27 5 45 23 29 28 27" "11 29 31 37 9 41 33 31 3 8 28" "33 22 24 35 40 13 24 15 23 5" "0 12 26 23 41 4 1 5 17 32 38 4 43 31" "24 34 47 4 16 31 27 43 18 19 6 42" "32 49 16 34 14 42 8 7 46 11" "15 45 2 19 38 33 9 12 19 8 17 38 41 44" "11 15 39 3 0 23 5 16 8 19 8" "28 6 29 43 21 24 47 43 12 31 4" "2 14 45 42 6 39 23 17 5 15 23" "38 28 24 48 49 34 16 29 43 45 22 14" "20 9 35 3 15 12 7 30 7 0 36" "25 5 6 42 28 13 33 8 39 31 9 26 48 39" "45 13 35 17 35 45 2 40 12 16 48 42 26 0" "25 27 36 31 20 14 46 5 25 38 36 34 14" "25 33 32 39 18 1 26 15 5 17 30" "17 22 48 19 3 25 46 39 8 18 5 6" "30 44 12 15 8 0 40 43 34 31 14 37 8" "43 27 11 17 46 34 17 15 39 42 11" "0 32 35 6 7 16 3 21 31 13 24 23 7" "7 21 46 17 4 41 44 16 8 40 2 25 7" "19 20 23 21 2 8 29 12 24 32 33 7 46" "31 5 18 40 28 16 7 32 7 3 0 15" "2 42 2 47 11 24 20 32 29 29" "41 3 46 26 11 42 36 44 49 4 34" "22 43 9 29 46 10 46 43 14 38 47 12" "21 32 35 0 11 46 43 17 44 20 28" "8 22 37 14 8 14 36 1 26 15 49 38 13" "4 1 43 16 2 14 1 37 17 14 35 12 33 32" "11 20 42 35 8 8 45 24 44 46 0 11 47 38" "41 43 27 34 11 31 1 14 20 20 31 8 32 14" "19 28 10 11 13 20 22 9 45 16" "45 30 7 36 6 0 29 34 37 42 15 40" "38 10 40 46 44 4 36 13 34 48 27 48" "49 9 14 17 18 11 47 25 47 4 28 28 40 15" "5 5 30 45 17 22 41 13 28 27 27" "28 6 11 47 7 22 13 24 42 24 24 20 22" "48 2 20 13 25 27 20 7 23 37" "14 0 8 44 29 21 22 35 34 21 44 8 34 19" "8 45 20 32 25 18 37 47 33 12" "3 20 49 40 1 14 41 9 10 20 32 34 8 18" "2 26 41 23 29 1 18 49 36 45" "23 42 3 35 19 7 7 18 47 11" "40 22 46 13 5 30 23 25 37 25 2 30 1 31" "21 32 18 17 2 41 11 6 28 32 15 38" "12 49 37 5 23 34 18 30 16 41 6" "18 10 36 19 41 18 43 25 38 10 28" "23 36 10 6 1 0 9 15 1 48 20" "34 40 5 3 31 11 9 2 21 47 23 14 18 16" "6 28 19 38 2 5 0 10 8 0 21 24 3 21" "27 6 37 34 9 20 47 20 22 18 17" "34 37 14 26 44 43 45 34 47 3 34" "13 36 30 39 39 1 36 16 9 23 3 20 43 0" "18 19 10 16 5 47 30 31 43 23" "27 22 34 11 31 49 47 13 39 38 17 25 5 26" "8 47 45 8 39 13 29 1 31 37" "14 20 44 39 1 24 12 37 35 43 37" "7 26 23 24 1 30 2 3 40 1" "1 41 14 32 44 45 19 45 9 40 42 49 43" "11 31 3 6 18 38 15 44 14 39 47" "44 0 37 45 0 38 38 14 22 33 10" "30 21 34 22 22 27 38 33 8 42 42 28" "7 24 46 49 21 43 43 23 32 38 24 22" "40 44 12 2 38 42 24 22 15 46 2 5 32 12" "24 41 30 33 15 28 32 39 23 25 14 5" "40 27 45 31 22 9 35 10 1 9 35" "8 39 26 42 1 23 16 44 5 49 12 36 34" "9 9 19 15 27 10 44 24 43 18 33 28 31" "40 16 7 0 5 33 42 8 9 8 5 14" "17 2 43 22 12 5 41 29 34 3 25 9 46 44" "27 25 31 19 43 39 19 48 22 11 8 33 21 13" "32 32 2 28 4 16 35 48 45 19 1 21 30" "17 25 29 42 6 48 35 47 17 35" "30 43 5 1 9 5 33 43 8 11 48 24" "48 22 18 49 45 48 1 12 23 30 6" "28 43 29 47 28 3 27 23 9 30 34 14" "28 24 27 28 1 26 26 23 44 27 18 42 29 32" "11 38 0 40 31 31 39 11 35 19 36 44 49" "10 15 1 37 43 29 38 19 5 11 13" "31 7 13 15 25 27 3 27 19 36 9 8 49 44" "35 40 29 8 2 44 9 39 39 38 27 8" "40 23 32 23 33 47 38 8 24 43" "43 31 47 4 30 41 31 18 33 12 28 35 7" "25 48 28 4 9 26 45 34 10 18 17 7 9" "32 2 16 25 34 13 29 16 6 13 36 39 27" "26 36 5 1 35 35 6 44 13 3" "23 23 48 31 32 26 15 37 44 42 21 7 24" "15 39 26 6 16 43 32 3 0 36 40 35 44 34" "47 14 24 22 12 7 5 40 22 44 34" "17 43 41 6 10 30 34 16 46 27 1 1" "37 41 15 31 27 16 30 44 42 2 6 0" "49 24 3 35 41 20 29 34 29 41 14 13 8 13" "9 14 22 48 8 39 29 35 5 9 29 48 11" "0 23 39 26 26 24 20 49 3 4 28 45 19" "5 34 38 16 48 11 14 8 0 45 44 8 4" "8 17 15 10 40 4 36 19 29 6" "34 13 48 31 34 41 36 18 32 4 18 43 18" "45 15 23 3 21 48 13 39 16 23 31 20" "2 1 18 20 36 31 20 17 15 14" "35 46 10 4 41 31 31 36 46 4 42" "4 5 9 20 31 42 43 43 45 44 11 17 32" "38 0 12 2 6 48 0 16 2 41" "35 27 46 39 21 14 45 29 23 18 10 15" "3 12 7 16 30 40 13 20 40 28 22" "28 24 16 32 15 16 17 44 12 8 16 28 3" "1 21 9 18 34 12 31 42 30 13 32 46" "24 24 7 24 4 31 40 36 46 6 5 42 20" "10 48 16 7 1 40 16 22 24 30 5 16 13" "0 9 3 24 35 10 48 41 43 41 27 41 49" "33 20 45 44 20 13 3 24 5 20 46 30" "1 48 15 21 49 26 24 25 11 36 26 2" "17 31 22 18 13 5 38 10 1 11 26 5 35 31" "31 13 29 34 14 45 7 15 21 31 40 35" "18 39 0 37 21 22 6 36 27 46 49 31 7 27" "44 10 15 27 24 44 13 40 41 20 5" "1 47 2 22 16 41 22 5 14 44" "3 24 10 4 5 19 31 43 14 43 10" "17 4 5 9 48 25 14 15 29 12 17" "30 10 26 35 27 22 49 30 46 9 36 3 28" "48 44 10 8 38 30 15 45 41 13 22 6" "1 20 47 7 2 7 33 39 34 5 38 16 4" "2 7 30 21 6 26 34 16 14 16 31 9 7 46" "13 24 35 35 23 42 37 31 27 27 17 33" "36 39 17 38 46 49 12 4 25 46 21 40" "2 1 21 1 33 35 25 19 22 1 13 10" "41 37 1 26 6 37 15 25 28 13 24 40 20 2" "41 42 0 45 43 21 46 29 8 24 0 31 25" "43 9 6 32 12 34 38 2 49 14 30 15 40" "35 42 10 28 36 12 23 30 35 22 11 44" "11 27 25 26 20 36 35 4 48 19 42 0 21" "32 36 49 4 23 43 16 1 30 28 26 12 14" "23 10 48 36 37 23 12 9 9 49 15 8 19" "10 42 18 45 28 19 1 3 12 18 4 42 46 30" "12 31 29 22 31 15 11 5 30 22 14 31 39 24" "49 37 42 17 34 22 38 35 27 0" "31 45 4 14 1 16 47 31 41 28" "4 33 30 27 0 12 16 26 14 17 13 9 34" "33 24 35 11 27 40 42 22 44 8 25 13 7 8" "36 7 8 21 39 37 23 1 6 0 16 23 15 27" "15 10 34 2 21 11 42 16 35 39" "13 2 34 21 8 20 30 16 43 20 6 19 23 12" "41 35 36 18 47 3 29 34 5 0 47 0 18 33" "43 46 43 29 19 3 49 0 19 44 20" "13 45 39 34 37 25 23 5 24 26" "8 34 37 6 36 7 41 27 2 39 22" "8 25 32 10 46 27 30 24 42 26 13" "15 40 2 20 15 30 7 25 14 46 33 2 3 24" "6 15 3 37 26 30 20 36 29 49 19" "41 47 18 20 12 9 24 34 26 5 43 1 21" "35 24 45 11 5 3 27 11 40 5 43 12 41 24" "12 27 5 9 46 27 23 7 4 8 33 9 1" "30 43 19 6 38 33 14 43 10 25 33 17 20 48" "45 11 23 24 18 32 20 48 8 27 2 16 10" "19 47 43 14 18 2 4 1 16 47 13 43 33" "13 31 41 10 44 14 35 13 48 5" "6 35 15 24 47 28 46 44 23 10 15 25 15" "43 14 30 36 47 10 2 30 1 12 25" "47 40 16 5 3 22 42 20 47 39 0 43" "23 5 1 1 20 19 46 35 49 33 34" "35 15 15 49 42 33 47 32 49 2 37 23" "7 22 35 7 15 23 32 23 26 35 43 48 32 30" "17 17 11 4 32 29 3 24 12 0 8 13" "45 36 0 4 11 38 13 26 13 45 49 40 33 45" "17 27 37 34 44 1 38 28 30 43 4 44 44" "9 0 9 47 3 15 8 41 28 35 4 26 36 46" "33 36 26 13 26 12 9 27 2 38 9 45 44 3" "9 12 44 20 9 47 36 18 38 14 5" "40 43 41 1 29 27 29 42 5 43 1 32 45 41" "43 38 46 34 47 8 28 17 20 27 5" "15 20 45 12 12 40 3 16 19 32" "13 38 41 17 22 38 8 14 31 46 12 18" "21 48 15 43 26 20 33 43 40 30" "5 22 8 23 44 43 20 7 31 11" "3 0 35 19 31 33 32 1 29 5 0 44 0 26" "35 19 7 15 25 14 39 35 37 33 28 7 41 11" "17 17 21 2 38 4 38 22 6 17 29" "13 29 34 29 14 3 38 31 30 2 21" "41 4 46 49 47 10 20 15 27 43 19" "47 7 40 5 26 19 11 39 49 45 19 15" "7 49 31 12 20 49 3 26 48 4 24" "26 41 37 19 12 4 19 20 44 24 46 16 36" "15 33 9 32 34 18 31 18 30 3 19 36 30" "40 6 27 19 49 16 38 11 21 7 31 17 34 30" "20 20 0 5 29 35 42 47 16 12 28 20 31" "2 1 8 8 30 27 7 49 16 20 20" "2 39 9 34 25 31 4 25 39 33" "31 32 29 43 12 1 26 28 3 29 37 13" "14 22 11 32 42 33 10 46 24 21 30 49" "36 27 44 21 39 25 4 20 20 16" "48 47 24 28 34 39 42 0 11 3 33" "38 45 0 12 16 33 12 21 19 41 15 43 30 42" "1 14 15 22 13 12 49 43 48 38 35 49" "40 34 6 28 29 6 40 45 39 4" "11 45 34 4 28 29 3 29 43 20 3 8 33 4" "33 43 40 32 45 30 16 1 10 45 9 3 43" "7 12 14 5 48 20 33 27 25 14 23" "17 31 30 22 35 14 17 25 46 14" "15 17 18 12 26 23 7 29 33 19 43 38 20" "23 47 40 37 20 38 4 4 18 28" "34 47 16 33 11 26 48 28 45 12 7" "20 36 3 41 32 43 11 49 16 11" "3 33 28 10 37 48 40 28 33 38" "18 49 23 16 30 20 30 37 41 0 25 46" "7 40 5 7 6 16 49 12 0 29 24 39 29 16" "12 4 17 30 6 40 48 36 13 31 25 6 31" "2 27 10 42 33 19 1 1 20 15" "49 41 43 28 7 13 43 14 32 25 22 24 26" "37 7 35 43 40 37 46 18 47 40" "18 41 6 38 8 10 39 49 5 18 7 20 13" "2 40 45 26 18 5 16 27 42 9 18 29 7" "27 48 43 47 41 49 36 2 9 25 1 14 45" "36 8 33 38 1 28 17 19 35 33" "27 44 17 7 2 7 36 2 0 33 45 49" "47 11 47 1 27 42 11 14 3 45 2" "25 21 25 13 4 24 42 49 43 49 3" "37 7 2 23 2 2 44 2 13 41" "40 36 14 4 39 11 9 45 39 32 22 4 37" "46 38 44 46 41 47 35 48 49 8 2 3 5 4" "46 7 9 34 24 15 23 37 26 20 28" "45 32 48 44 29 36 38 27 29 35 12 29 37 23" "40 28 38 9 26 47 18 11 23 35 36 11 12" "39 21 2 22 21 48 3 9 38 30 38 26" "19 13 17 2 3 47 42 12 24 42 32 37" "18 23 28 32 32 20 5 36 44 26" "47 35 25 27 25 1 21 44 14 41 48 19 38 43" "12 35 16 1 2 36 25 33 18 9 3 23 46 49" "32 48 36 7 27 11 10 0 7 24 41 6 44 30" "28 44 38 46 46 40 33 23 25 1 32" "27 30 29 26 15 27 13 24 6 26" "7 34 11 48 42 5 30 43 35 25" "32 23 23 17 46 49 20 30 29 47 13" "26 30 40 41 4 47 17 41 6 1 3" "43 10 37 38 48 12 21 32 35 45 49 33 46 19" "25 19 28 38 45 8 29 36 15 28" "6 34 7 11 40 2 22 27 41 22 41 12 4" "9 3 11 5 24 29 33 45 7 21 40 18 2" "35 30 34 43 16 41 5 9 43 29 36 36 1" "1 5 8 10 10 22 16 36 1 49" "8 22 24 28 25 3 13 7 39 7 26 30" "35 25 45 23 14 48 3 15 3 12 25 15 34 41" "37 42 35 47 17 10 26 44 15 41 1 4 0" "36 14 16 11 11 40 27 9 43 42 14 7 18 29" "11 33 30 6 20 28 23 30 6 17 45 47 20" "0 0 37 14 16 49 26 8 28 37 4" 

plot:
	gnuplot < data/data.plot 
	ps2pdf output.ps
	rm output.ps
	evince output.pdf

%test:
	cxxtestgen --runner=ErrorPrinter -o tests/test-runner.cpp tests/$@.cpp ${SRCS}
	g++ ${CFLAGS} tests/test-runner.cpp $(SRCS) -o test-runner
	./test-runner

clean:
	rm -rf ${BIN} tests/test-runner.cpp test-runner
